Starting Dynare (version 6.3).
Calling Dynare with arguments: none
Starting preprocessing of the model file ...
Found 19 equation(s).
Evaluating expressions...
Computing static model derivatives (order 1).
Normalizing the static model...
Finding the optimal block decomposition of the static model...
12 block(s) found:
  9 recursive block(s) and 3 simultaneous block(s).
  the largest simultaneous block has 3 equation(s)
                                 and 3 feedback variable(s).
Computing dynamic model derivatives (order 2).
Normalizing the dynamic model...
Normalization failed with cutoff, trying symbolic normalization...
Could not normalize the dynamic model. Variable C is not in the maximum cardinality matching.
Preprocessing completed.
Preprocessing time: 0h00m00s.

STEADY-STATE RESULTS:

C     		 0
I     		 0
a     		 0
w     		 0
r     		 0
r_f   		 0
C_G   		 0
C_NG  		 0
Y_G   		 0
Y_NG  		 0
K_G   		 0
K_NG  		 0
P     		 0
P_G   		 0
P_NG  		 0
pi_G  		 0
pi_NG 		 0
D     		 0
A_G   		 0


Residuals of the static equations:
Equation number  1: 1     :       0.000000
Equation number  2: C     :       0.000000
Equation number  3: r     :       0.000000
Equation number  4: 4     :       0.000000
Equation number  5: 5     :       0.000000
Equation number  6: P     :       0.000000
Equation number  7: a     :       0.000000
Equation number  8: Y_G   :       0.000000
Equation number  9: Y_NG  :       0.000000
Equation number 10: 10    :       0.000000
Equation number 11: pi_NG :       0.000000
Equation number 12: 12    :       0.000000
Equation number 13: 13    :       0.000000
Equation number 14: K_G   :       0.000000
Equation number 15: K_NG  :       0.000000
Equation number 16: 16    :       0.000000
Equation number 17: 17    :       0.000000
Equation number 18: A_G   :       0.000000
Equation number 19: D     :       0.000000


[Warning: Matrix is close to singular or badly scaled. Results may be inaccurate. RCOND =
3.656179e-21.] 
[> In <a href="matlab:matlab.lang.internal.introspective.errorDocCallback('dyn_first_order_solver', '/Applications/Dynare/6.3-arm64/matlab/stochastic_solver/dyn_first_order_solver.m', 283)" style="font-weight:bold">dyn_first_order_solver</a> (<a href="matlab: opentoline('/Applications/Dynare/6.3-arm64/matlab/stochastic_solver/dyn_first_order_solver.m',283,0)">line 283</a>)
In <a href="matlab:matlab.lang.internal.introspective.errorDocCallback('stochastic_solvers', '/Applications/Dynare/6.3-arm64/matlab/stochastic_solver/stochastic_solvers.m', 248)" style="font-weight:bold">stochastic_solvers</a> (<a href="matlab: opentoline('/Applications/Dynare/6.3-arm64/matlab/stochastic_solver/stochastic_solvers.m',248,0)">line 248</a>)
In <a href="matlab:matlab.lang.internal.introspective.errorDocCallback('resol', '/Applications/Dynare/6.3-arm64/matlab/stochastic_solver/resol.m', 115)" style="font-weight:bold">resol</a> (<a href="matlab: opentoline('/Applications/Dynare/6.3-arm64/matlab/stochastic_solver/resol.m',115,0)">line 115</a>)
In <a href="matlab:matlab.lang.internal.introspective.errorDocCallback('stoch_simul', '/Applications/Dynare/6.3-arm64/matlab/stochastic_solver/stoch_simul.m', 108)" style="font-weight:bold">stoch_simul</a> (<a href="matlab: opentoline('/Applications/Dynare/6.3-arm64/matlab/stochastic_solver/stoch_simul.m',108,0)">line 108</a>)
In <a href="matlab:matlab.lang.internal.introspective.errorDocCallback('base_phi_3.driver', '/Users/khangphamgia/DynareWork/DSGE/matlab-dsge/+base_phi_3/driver.m', 485)" style="font-weight:bold">base_phi_3.driver</a> (<a href="matlab: opentoline('/Users/khangphamgia/DynareWork/DSGE/matlab-dsge/+base_phi_3/driver.m',485,0)">line 485</a>)
In <a href="matlab:matlab.lang.internal.introspective.errorDocCallback('dynare', '/Applications/Dynare/6.3-arm64/matlab/dynare.m', 308)" style="font-weight:bold">dynare</a> (<a href="matlab: opentoline('/Applications/Dynare/6.3-arm64/matlab/dynare.m',308,0)">line 308</a>)
In <a href="matlab:matlab.lang.internal.introspective.errorDocCallback('plot_irfs', '/Users/khangphamgia/DynareWork/DSGE/matlab-dsge/plot_irfs.m', 39)" style="font-weight:bold">plot_irfs</a> (<a href="matlab: opentoline('/Users/khangphamgia/DynareWork/DSGE/matlab-dsge/plot_irfs.m',39,0)">line 39</a>)
] 

MODEL SUMMARY

  Number of variables:         19
  Number of stochastic shocks: 1
  Number of state variables:   2
  Number of jumpers:           4
  Number of static variables:  13


MATRIX OF COVARIANCE OF EXOGENOUS SHOCKS
Variables       EPS_G
EPS_G        0.000100

POLICY AND TRANSITION FUNCTIONS
                                   C               I               a               w               r             r_f             C_G            C_NG             Y_G            Y_NG             K_G            K_NG               P             P_G            P_NG            pi_G           pi_NG               D             A_G
a(-1)                      -7.572955      -39.000000               0       -7.863201       44.315118      -29.758131      -83.285777      133.036570       -3.931600       -1.965800       -7.863201       -3.931600       15.145911       40.383518      -31.723931       36.451918      -33.689731      -36.106373               0
A_G(-1)                    -0.155350       -0.856707       -0.021418        0.885770        1.133357       -0.629396       -1.293755        1.958831        1.332176        0.210734        0.864353        0.421467        0.286065        0.665533       -0.418662        1.997709       -0.207929       -0.292155        0.900000
EPS_G                       1.397272       -0.951897       -0.023797        5.933670       -6.933286       -0.288634        7.866570      -10.617136        3.954936        1.471519        5.909872        2.943037       -2.821918       -4.978350        1.182885       -1.023414        2.654404        2.764671        1.000000


THEORETICAL MOMENTS
VARIABLE         MEAN  STD. DEV.   VARIANCE
C              0.0000     0.0140     0.0002
I              0.0000     0.0097     0.0001
a              0.0000     0.0005     0.0000
w              0.0000     0.0642     0.0041
r              0.0000     0.0694     0.0048
r_f            0.0000     0.0034     0.0000
C_G            0.0000     0.0802     0.0064
C_NG           0.0000     0.1097     0.0120
Y_G            0.0000     0.0513     0.0026
Y_NG           0.0000     0.0159     0.0003
K_G            0.0000     0.0638     0.0041
K_NG           0.0000     0.0317     0.0010
P              0.0000     0.0283     0.0008
P_G            0.0000     0.0502     0.0025
P_NG           0.0000     0.0141     0.0002
pi_G           0.0000     0.0279     0.0008
pi_NG          0.0000     0.0298     0.0009
D              0.0000     0.0306     0.0009
A_G            0.0000     0.0229     0.0005



MATRIX OF CORRELATIONS
Variables          C        I        a        w        r      r_f      C_G     C_NG      Y_G     Y_NG      K_G     K_NG        P      P_G     P_NG     pi_G    pi_NG        D      A_G
C             1.0000  -0.9778  -0.4722   0.9385  -0.9978  -0.8252   0.9877  -0.9771   0.7960   0.9424   0.9405   0.9424  -0.9998  -0.9955   0.8592  -0.3289   0.9076   0.9214   0.4722
I            -0.9778   1.0000   0.2770  -0.8453   0.9896   0.9253  -0.9329   0.9108  -0.6514  -0.8514  -0.8484  -0.8514   0.9735   0.9536  -0.7328   0.5195  -0.7994  -0.8195  -0.2770
a            -0.4722   0.2770   1.0000  -0.7475   0.4123  -0.1081  -0.6045   0.6489  -0.9095  -0.7398  -0.7437  -0.7398   0.4894   0.5533  -0.8568  -0.6771  -0.7987  -0.7776  -1.0000
w             0.9385  -0.8453  -0.7475   1.0000  -0.9134  -0.5796   0.9810  -0.9905   0.9560   0.9999   1.0000   0.9999  -0.9451  -0.9669   0.9830   0.0173   0.9967   0.9989   0.7475
r            -0.9978   0.9896   0.4123  -0.9134   1.0000   0.8611  -0.9750   0.9607  -0.7537  -0.9180  -0.9157  -0.9180   0.9963   0.9870  -0.8231   0.3912  -0.8775  -0.8934  -0.4123
r_f          -0.8252   0.9253  -0.1081  -0.5796   0.8611   1.0000  -0.7266   0.6862  -0.3149  -0.5888  -0.5842  -0.5888   0.8140   0.7682  -0.4200   0.8048  -0.5118  -0.5410   0.1081
C_G           0.9877  -0.9329  -0.6045   0.9810  -0.9750  -0.7266   1.0000  -0.9984   0.8810   0.9832   0.9821   0.9832  -0.9905  -0.9980   0.9287  -0.1769   0.9621   0.9709   0.6045
C_NG         -0.9771   0.9108   0.6489  -0.9905   0.9607   0.6862  -0.9984   1.0000  -0.9065  -0.9920  -0.9912  -0.9920   0.9811   0.9928  -0.9484   0.1205  -0.9761  -0.9830  -0.6489
Y_G           0.7960  -0.6514  -0.9095   0.9560  -0.7537  -0.3149   0.8810  -0.9065   1.0000   0.9526   0.9543   0.9526  -0.8077  -0.8495   0.9936   0.3099   0.9766   0.9686   0.9095
Y_NG          0.9424  -0.8514  -0.7398   0.9999  -0.9180  -0.5888   0.9832  -0.9920   0.9526   1.0000   1.0000   1.0000  -0.9488  -0.9698   0.9808   0.0059   0.9957   0.9983   0.7398
K_G           0.9405  -0.8484  -0.7437   1.0000  -0.9157  -0.5842   0.9821  -0.9912   0.9543   1.0000   1.0000   1.0000  -0.9470  -0.9684   0.9819   0.0116   0.9963   0.9986   0.7437
K_NG          0.9424  -0.8514  -0.7398   0.9999  -0.9180  -0.5888   0.9832  -0.9920   0.9526   1.0000   1.0000   1.0000  -0.9488  -0.9698   0.9808   0.0059   0.9957   0.9983   0.7398
P            -0.9998   0.9735   0.4894  -0.9451   0.9963   0.8140  -0.9905   0.9811  -0.8077  -0.9488  -0.9470  -0.9488   1.0000   0.9972  -0.8690   0.3103  -0.9156  -0.9289  -0.4894
P_G          -0.9955   0.9536   0.5533  -0.9669   0.9870   0.7682  -0.9980   0.9928  -0.8495  -0.9698  -0.9684  -0.9698   0.9972   1.0000  -0.9036   0.2383  -0.9431  -0.9540  -0.5533
P_NG          0.8592  -0.7328  -0.8568   0.9830  -0.8231  -0.4200   0.9287  -0.9484   0.9936   0.9808   0.9819   0.9808  -0.8690  -0.9036   1.0000   0.2006   0.9946   0.9905   0.8568
pi_G         -0.3289   0.5195  -0.6771   0.0173   0.3912   0.8048  -0.1769   0.1205   0.3099   0.0059   0.0116   0.0059   0.3103   0.2383   0.2006   1.0000   0.0981   0.0639   0.6771
pi_NG         0.9076  -0.7994  -0.7987   0.9967  -0.8775  -0.5118   0.9621  -0.9761   0.9766   0.9957   0.9963   0.9957  -0.9156  -0.9431   0.9946   0.0981   1.0000   0.9994   0.7987
D             0.9214  -0.8195  -0.7776   0.9989  -0.8934  -0.5410   0.9709  -0.9830   0.9686   0.9983   0.9986   0.9983  -0.9289  -0.9540   0.9905   0.0639   0.9994   1.0000   0.7776
A_G           0.4722  -0.2770  -1.0000   0.7475  -0.4123   0.1081   0.6045  -0.6489   0.9095   0.7398   0.7437   0.7398  -0.4894  -0.5533   0.8568   0.6771   0.7987   0.7776   1.0000



COEFFICIENTS OF AUTOCORRELATION
Order           1        2        3        4        5
C          0.0193   0.0173   0.0156   0.0140   0.0126
I         -0.0470  -0.0423  -0.0380  -0.0342  -0.0308
a          0.9000   0.8100   0.7290   0.6561   0.5905
w          0.2864   0.2578   0.2320   0.2088   0.1879
r         -0.0107  -0.0097  -0.0087  -0.0078  -0.0070
r_f        0.0574   0.0517   0.0465   0.0418   0.0377
C_G        0.1190   0.1071   0.0964   0.0867   0.0780
C_NG       0.1638   0.1474   0.1327   0.1194   0.1075
Y_G        0.5796   0.5217   0.4695   0.4225   0.3803
Y_NG       0.2756   0.2481   0.2233   0.2009   0.1808
K_G        0.2810   0.2529   0.2276   0.2049   0.1844
K_NG       0.2756   0.2481   0.2233   0.2009   0.1808
P          0.0295   0.0266   0.0239   0.0215   0.0194
P_G        0.0747   0.0672   0.0605   0.0544   0.0490
P_NG       0.4680   0.4212   0.3791   0.3412   0.3071
pi_G       0.6298   0.5669   0.5102   0.4592   0.4132
pi_NG      0.3647   0.3282   0.2954   0.2659   0.2393
D          0.3311   0.2980   0.2682   0.2414   0.2172
A_G        0.9000   0.8100   0.7290   0.6561   0.5905
Total computing time : 0h00m07s
Note: warning(s) encountered in MATLAB/Octave code
