Starting Dynare (version 6.3).
Calling Dynare with arguments: none
Starting preprocessing of the model file ...
Found 19 equation(s).
Evaluating expressions...
Computing static model derivatives (order 1).
Normalizing the static model...
Finding the optimal block decomposition of the static model...
12 block(s) found:
  9 recursive block(s) and 3 simultaneous block(s).
  the largest simultaneous block has 3 equation(s)
                                 and 3 feedback variable(s).
Computing dynamic model derivatives (order 2).
Normalizing the dynamic model...
Finding the optimal block decomposition of the dynamic model...
7 block(s) found:
  6 recursive block(s) and 1 simultaneous block(s).
  the largest simultaneous block has 12 equation(s)
                                 and 8 feedback variable(s).
Preprocessing completed.
Preprocessing time: 0h00m00s.

STEADY-STATE RESULTS:

C     		 0
I     		 0
a     		 0
w     		 0
r     		 0
r_f   		 0
C_G   		 0
C_NG  		 0
Y_G   		 0
Y_NG  		 0
K_G   		 0
K_NG  		 0
P     		 0
P_G   		 0
P_NG  		 0
pi_G  		 0
pi_NG 		 0
D     		 0
A_G   		 0


Residuals of the static equations:
Equation number  1: 1     :       0.000000
Equation number  2: C     :       0.000000
Equation number  3: r     :       0.000000
Equation number  4: 4     :       0.000000
Equation number  5: 5     :       0.000000
Equation number  6: P     :       0.000000
Equation number  7: a     :       0.000000
Equation number  8: Y_G   :       0.000000
Equation number  9: Y_NG  :       0.000000
Equation number 10: 10    :       0.000000
Equation number 11: pi_NG :       0.000000
Equation number 12: 12    :       0.000000
Equation number 13: 13    :       0.000000
Equation number 14: K_G   :       0.000000
Equation number 15: K_NG  :       0.000000
Equation number 16: 16    :       0.000000
Equation number 17: 17    :       0.000000
Equation number 18: A_G   :       0.000000
Equation number 19: D     :       0.000000


[Warning: Matrix is close to singular or badly scaled. Results may be inaccurate. RCOND
=  1.289037e-19.] 
[> In <a href="matlab:matlab.lang.internal.introspective.errorDocCallback('dyn_first_order_solver', '/Applications/Dynare/6.3-arm64/matlab/stochastic_solver/dyn_first_order_solver.m', 264)" style="font-weight:bold">dyn_first_order_solver</a> (<a href="matlab: opentoline('/Applications/Dynare/6.3-arm64/matlab/stochastic_solver/dyn_first_order_solver.m',264,0)">line 264</a>)
In <a href="matlab:matlab.lang.internal.introspective.errorDocCallback('stochastic_solvers', '/Applications/Dynare/6.3-arm64/matlab/stochastic_solver/stochastic_solvers.m', 248)" style="font-weight:bold">stochastic_solvers</a> (<a href="matlab: opentoline('/Applications/Dynare/6.3-arm64/matlab/stochastic_solver/stochastic_solvers.m',248,0)">line 248</a>)
In <a href="matlab:matlab.lang.internal.introspective.errorDocCallback('resol', '/Applications/Dynare/6.3-arm64/matlab/stochastic_solver/resol.m', 115)" style="font-weight:bold">resol</a> (<a href="matlab: opentoline('/Applications/Dynare/6.3-arm64/matlab/stochastic_solver/resol.m',115,0)">line 115</a>)
In <a href="matlab:matlab.lang.internal.introspective.errorDocCallback('stoch_simul', '/Applications/Dynare/6.3-arm64/matlab/stochastic_solver/stoch_simul.m', 108)" style="font-weight:bold">stoch_simul</a> (<a href="matlab: opentoline('/Applications/Dynare/6.3-arm64/matlab/stochastic_solver/stoch_simul.m',108,0)">line 108</a>)
In <a href="matlab:matlab.lang.internal.introspective.errorDocCallback('experiment.driver', '/Users/khangphamgia/DynareWork/DSGE/matlab-dsge/+experiment/driver.m', 640)" style="font-weight:bold">experiment.driver</a> (<a href="matlab: opentoline('/Users/khangphamgia/DynareWork/DSGE/matlab-dsge/+experiment/driver.m',640,0)">line 640</a>)
In <a href="matlab:matlab.lang.internal.introspective.errorDocCallback('dynare', '/Applications/Dynare/6.3-arm64/matlab/dynare.m', 308)" style="font-weight:bold">dynare</a> (<a href="matlab: opentoline('/Applications/Dynare/6.3-arm64/matlab/dynare.m',308,0)">line 308</a>)
] 
[Warning: Matrix is close to singular or badly scaled. Results may be inaccurate. RCOND
=  1.081637e-19.] 
[> In <a href="matlab:matlab.lang.internal.introspective.errorDocCallback('dyn_first_order_solver', '/Applications/Dynare/6.3-arm64/matlab/stochastic_solver/dyn_first_order_solver.m', 283)" style="font-weight:bold">dyn_first_order_solver</a> (<a href="matlab: opentoline('/Applications/Dynare/6.3-arm64/matlab/stochastic_solver/dyn_first_order_solver.m',283,0)">line 283</a>)
In <a href="matlab:matlab.lang.internal.introspective.errorDocCallback('stochastic_solvers', '/Applications/Dynare/6.3-arm64/matlab/stochastic_solver/stochastic_solvers.m', 248)" style="font-weight:bold">stochastic_solvers</a> (<a href="matlab: opentoline('/Applications/Dynare/6.3-arm64/matlab/stochastic_solver/stochastic_solvers.m',248,0)">line 248</a>)
In <a href="matlab:matlab.lang.internal.introspective.errorDocCallback('resol', '/Applications/Dynare/6.3-arm64/matlab/stochastic_solver/resol.m', 115)" style="font-weight:bold">resol</a> (<a href="matlab: opentoline('/Applications/Dynare/6.3-arm64/matlab/stochastic_solver/resol.m',115,0)">line 115</a>)
In <a href="matlab:matlab.lang.internal.introspective.errorDocCallback('stoch_simul', '/Applications/Dynare/6.3-arm64/matlab/stochastic_solver/stoch_simul.m', 108)" style="font-weight:bold">stoch_simul</a> (<a href="matlab: opentoline('/Applications/Dynare/6.3-arm64/matlab/stochastic_solver/stoch_simul.m',108,0)">line 108</a>)
In <a href="matlab:matlab.lang.internal.introspective.errorDocCallback('experiment.driver', '/Users/khangphamgia/DynareWork/DSGE/matlab-dsge/+experiment/driver.m', 640)" style="font-weight:bold">experiment.driver</a> (<a href="matlab: opentoline('/Users/khangphamgia/DynareWork/DSGE/matlab-dsge/+experiment/driver.m',640,0)">line 640</a>)
In <a href="matlab:matlab.lang.internal.introspective.errorDocCallback('dynare', '/Applications/Dynare/6.3-arm64/matlab/dynare.m', 308)" style="font-weight:bold">dynare</a> (<a href="matlab: opentoline('/Applications/Dynare/6.3-arm64/matlab/dynare.m',308,0)">line 308</a>)
] 

MODEL SUMMARY

  Number of variables:         19
  Number of stochastic shocks: 1
  Number of state variables:   2
  Number of jumpers:           2
  Number of static variables:  15


MATRIX OF COVARIANCE OF EXOGENOUS SHOCKS
Variables       EPS_G
EPS_G        0.000100

POLICY AND TRANSITION FUNCTIONS
                                   C               I               a               w               r             r_f             C_G            C_NG             Y_G            Y_NG             K_G            K_NG               P             P_G            P_NG            pi_G           pi_NG               D             A_G
a(-1)                       0.943861       -0.764706        0.955882       16.214066       -1.253606       -1.253606       -9.189930       11.077652        8.584974        4.531458       17.169948        9.062915        5.304609        7.331368        3.277851       15.916342        7.809309        7.141590               0
A_G(-1)                     0.034821        1.179961        0.029499      -20.789121        0.820014        0.820014       15.278022      -15.208380       -9.479811       -5.182531      -20.759622      -10.365061       -7.411157      -10.459797       -4.362517      -19.939608       -9.545047       -8.686036        0.900000
EPS_G                       0.024060        0.718399        0.017960        0.313695        0.500000        0.500000        2.328000       -2.279881        1.165827        0.087404        0.331655        0.174807        0.126615       -0.334173        0.587404        0.831655        0.674807        0.653377        1.000000


THEORETICAL MOMENTS
VARIABLE         MEAN  STD. DEV.   VARIANCE
C              0.0000     0.0089     0.0001
I              0.0000     0.0250     0.0006
a              0.0000     0.0089     0.0001
w              0.0000     0.4151     0.1723
r              0.0000     0.0165     0.0003
r_f            0.0000     0.0165     0.0003
C_G            0.0000     0.3137     0.0984
C_NG           0.0000     0.3065     0.0940
Y_G            0.0000     0.1869     0.0349
Y_NG           0.0000     0.1023     0.0105
K_G            0.0000     0.4121     0.1698
K_NG           0.0000     0.2046     0.0419
P              0.0000     0.1492     0.0223
P_G            0.0000     0.2111     0.0446
P_NG           0.0000     0.0876     0.0077
pi_G           0.0000     0.3973     0.1578
pi_NG          0.0000     0.1898     0.0360
D              0.0000     0.1726     0.0298
A_G            0.0000     0.0229     0.0005



MATRIX OF CORRELATIONS
Variables          C        I        a        w        r      r_f      C_G     C_NG      Y_G     Y_NG      K_G     K_NG        P      P_G     P_NG     pi_G    pi_NG        D      A_G
C             1.0000   0.3988   0.9999  -0.3568   0.0318   0.0318   0.4264  -0.3784  -0.3033  -0.3183  -0.3378  -0.3183  -0.3821  -0.3884  -0.3657  -0.3490  -0.3405  -0.3387   0.5633
I             0.3988   1.0000   0.3866  -0.9543   0.9293   0.9293   0.9764  -0.9761  -0.9324  -0.9510  -0.9529  -0.9510  -0.9551  -0.9622  -0.9357  -0.9498  -0.9447  -0.9438   0.9627
a             0.9999   0.3866   1.0000  -0.3459   0.0185   0.0185   0.4153  -0.3670  -0.2926  -0.3073  -0.3268  -0.3073  -0.3713  -0.3776  -0.3553  -0.3382  -0.3297  -0.3280   0.5520
w            -0.3568  -0.9543  -0.3459   1.0000  -0.8959  -0.8959  -0.9939   0.9964   0.9970   0.9992   0.9998   0.9992   0.9996   0.9992   0.9982   0.9999   0.9995   0.9994  -0.8579
r             0.0318   0.9293   0.0185  -0.8959   1.0000   1.0000   0.8921  -0.9111  -0.8935  -0.9078  -0.9020  -0.9078  -0.8866  -0.8917  -0.8719  -0.8941  -0.8919  -0.8917   0.8226
r_f           0.0318   0.9293   0.0185  -0.8959   1.0000   1.0000   0.8921  -0.9111  -0.8935  -0.9078  -0.9020  -0.9078  -0.8866  -0.8917  -0.8719  -0.8941  -0.8919  -0.8917   0.8226
C_G           0.4264   0.9764   0.4153  -0.9939   0.8921   0.8921   1.0000  -0.9986  -0.9824  -0.9899  -0.9921  -0.9899  -0.9955  -0.9975  -0.9881  -0.9921  -0.9899  -0.9894   0.9082
C_NG         -0.3784  -0.9761  -0.3670   0.9964  -0.9111  -0.9111  -0.9986   1.0000   0.9877   0.9946   0.9957   0.9946   0.9965   0.9982   0.9900   0.9950   0.9932   0.9929  -0.8968
Y_G          -0.3033  -0.9324  -0.2926   0.9970  -0.8935  -0.8935  -0.9824   0.9877   1.0000   0.9985   0.9979   0.9985   0.9952   0.9931   0.9978   0.9980   0.9989   0.9990  -0.8168
Y_NG         -0.3183  -0.9510  -0.3073   0.9992  -0.9078  -0.9078  -0.9899   0.9946   0.9985   1.0000   0.9998   1.0000   0.9977   0.9969   0.9969   0.9994   0.9993   0.9993  -0.8461
K_G          -0.3378  -0.9529  -0.3268   0.9998  -0.9020  -0.9020  -0.9921   0.9957   0.9979   0.9998   1.0000   0.9998   0.9989   0.9983   0.9977   0.9998   0.9996   0.9996  -0.8522
K_NG         -0.3183  -0.9510  -0.3073   0.9992  -0.9078  -0.9078  -0.9899   0.9946   0.9985   1.0000   0.9998   1.0000   0.9977   0.9969   0.9969   0.9994   0.9993   0.9993  -0.8461
P            -0.3821  -0.9551  -0.3713   0.9996  -0.8866  -0.8866  -0.9955   0.9965   0.9952   0.9977   0.9989   0.9977   1.0000   0.9997   0.9982   0.9993   0.9987   0.9985  -0.8643
P_G          -0.3884  -0.9622  -0.3776   0.9992  -0.8917  -0.8917  -0.9975   0.9982   0.9931   0.9969   0.9983   0.9969   0.9997   1.0000   0.9963   0.9985   0.9974   0.9972  -0.8763
P_NG         -0.3657  -0.9357  -0.3553   0.9982  -0.8719  -0.8719  -0.9881   0.9900   0.9978   0.9969   0.9977   0.9969   0.9982   0.9963   1.0000   0.9987   0.9991   0.9991  -0.8332
pi_G         -0.3490  -0.9498  -0.3382   0.9999  -0.8941  -0.8941  -0.9921   0.9950   0.9980   0.9994   0.9998   0.9994   0.9993   0.9985   0.9987   1.0000   0.9999   0.9998  -0.8498
pi_NG        -0.3405  -0.9447  -0.3297   0.9995  -0.8919  -0.8919  -0.9899   0.9932   0.9989   0.9993   0.9996   0.9993   0.9987   0.9974   0.9991   0.9999   1.0000   1.0000  -0.8408
D            -0.3387  -0.9438  -0.3280   0.9994  -0.8917  -0.8917  -0.9894   0.9929   0.9990   0.9993   0.9996   0.9993   0.9985   0.9972   0.9991   0.9998   1.0000   1.0000  -0.8392
A_G           0.5633   0.9627   0.5520  -0.8579   0.8226   0.8226   0.9082  -0.8968  -0.8168  -0.8461  -0.8522  -0.8461  -0.8643  -0.8763  -0.8332  -0.8498  -0.8408  -0.8392   1.0000



COEFFICIENTS OF AUTOCORRELATION
Order          1       2       3       4       5
C         0.9977  0.9914  0.9816  0.9688  0.9535
I         0.9354  0.8160  0.7098  0.6153  0.5312
a         0.9978  0.9915  0.9817  0.9689  0.9537
w         0.8654  0.7494  0.6463  0.5548  0.4737
r         0.9263  0.7906  0.6704  0.5640  0.4700
r_f       0.9263  0.7906  0.6704  0.5640  0.4700
C_G       0.9063  0.7916  0.6894  0.5985  0.5176
C_NG      0.9024  0.7837  0.6780  0.5841  0.5008
Y_G       0.8309  0.7157  0.6134  0.5228  0.4425
Y_NG      0.8619  0.7436  0.6385  0.5453  0.4627
K_G       0.8636  0.7464  0.6423  0.5499  0.4680
K_NG      0.8619  0.7436  0.6385  0.5453  0.4627
P         0.8671  0.7530  0.6515  0.5614  0.4813
P_G       0.8793  0.7643  0.6619  0.5709  0.4901
P_NG      0.8332  0.7222  0.6235  0.5358  0.4580
pi_G      0.8578  0.7422  0.6395  0.5484  0.4675
pi_NG     0.8492  0.7341  0.6319  0.5411  0.4606
D         0.8478  0.7328  0.6306  0.5399  0.4595
A_G       0.9000  0.8100  0.7290  0.6561  0.5905
Total computing time : 0h00m06s
Note: warning(s) encountered in MATLAB/Octave code
